2.54834
2.38455
2.39757
2.37173
2.3286
2.40453
2.34948
2.33138
2.35
2.41538
2.31991
2.32872
2.31874
2.30688
2.28218
2.28463
2.2336
2.26949
2.19982
2.18027
2.15067
2.12827
2.10214
2.0786
2.0462
2.00658
1.96876
1.93933
1.8756
1.78005
1.73177
1.65178
1.57107
1.50969
1.45797
1.36118
1.29034
1.21993
1.13259
1.1106
1.03975
0.974075
0.937862
0.898471
0.826353
0.808839
0.766975
0.717371
0.68694
0.668653
0.627507
0.597972
0.569106
0.550081
0.521255
0.495683
0.474683
0.448651
0.439029
0.414728
0.394209
0.370333
0.35223
0.333338
0.313926
0.300114
0.2823
0.270988
0.264046
0.243957
0.232277
0.221703
0.212999
0.199734
0.190056
0.182019
0.170191
0.160753
0.153031
0.146723
0.137053
0.1302
0.124569
0.115073
0.111104
0.10522
0.0988536
0.0926816
0.0881535
0.0845929
0.0780464
0.0734655
0.0707041
0.0671784
0.0631394
0.061261
0.057858
0.0534996
0.0503014
0.048339
0.0458876
0.0428538
0.0405073
0.0382724
0.0367418
0.034788
0.0337317
0.0315624
0.0308499
0.0283655
0.0263785
0.0259574
0.0242065
0.0229712
0.0214375
0.0207746
0.0196255
0.0197894
0.0176778
0.0162349
0.0155102
0.0150535
0.0141147
0.0134338
0.012633
0.0120689
0.0114268
0.0109018
0.0105477
0.00964087
0.00923963
0.00876175
0.00833537
0.00849425
0.00736149
0.00705205
0.00682994
0.00632468
0.00594977
0.00581423
0.00559836
0.00517327
0.00491053
0.00477565
0.00441908
0.00418201
0.00426173
0.00378355
0.00358509
0.00357874
0.00332549
0.00312815
0.00294366
0.00283157
0.00263835
0.00253471
0.00241569
0.00234106
0.00218565
0.0021905
0.0019917
0.00188089
0.00179395
0.0017091
0.00162794
0.00152009
0.00147327
0.00137335
0.00131285
0.00124077
0.00118375
0.00124848
0.00107131
0.00103237